114.4850146_30.50118157_0_0.txt
114.4850146_30.50118157_180_0.txt 4 0.289000 21 106 35 155 95.25
114.4850146_30.50118157_180_0.txt 4 0.264385 281 149 292 183 188.71875
114.4850146_30.50118157_180_0.txt 4 0.245424 295 155 308 184 191.53125
114.4850146_30.50118157_180_0.txt 4 0.190530 25 107 37 152 95.8125
114.4850146_30.50118157_270_0.txt 2 0.420265 349 131 367 189 292.125
114.4850146_30.50118157_270_0.txt 2 0.202252 332 160 343 193 288.28125
114.4850146_30.50118157_90_0.txt
114.4850607_30.50122472_0_0.txt 5 0.204415 240 56 271 186 2.90625
114.4850607_30.50122472_180_0.txt
114.4850607_30.50122472_270_0.txt 4 0.213298 471 123 480 177 314.15625
114.4850607_30.50122472_90_0.txt 5 0.183768 227 111 255 211 90.1875
114.4851341_30.50115043_0_0.txt
114.4851341_30.50115043_180_0.txt
114.4851341_30.50115043_270_0.txt
114.4851341_30.50115043_90_0.txt
114.4852071_30.5010758_0_0.txt
114.4852071_30.5010758_180_0.txt 4 0.308300 417 152 433 184 214.6875
114.4852071_30.5010758_180_0.txt 4 0.218618 338 153 348 181 199.3125
114.4852071_30.5010758_270_0.txt
114.4852071_30.5010758_90_0.txt
114.4852801_30.50100117_0_0.txt 4 0.269815 446 120 459 156 39.84375
114.4852801_30.50100117_180_0.txt
114.4852801_30.50100117_270_0.txt
114.4852801_30.50100117_90_0.txt
114.4853532_30.50092654_0_0.txt
114.4853532_30.50092654_180_0.txt
114.4853532_30.50092654_270_0.txt 4 0.198692 240 150 253 180 271.21875
114.4853532_30.50092654_90_0.txt
114.4854262_30.50085191_0_0.txt
114.4854262_30.50085191_180_0.txt
114.4854262_30.50085191_270_0.txt
114.4854262_30.50085191_90_0.txt 4 0.315246 277 124 291 166 98.25
114.4854992_30.50077728_0_0.txt
114.4854992_30.50077728_180_0.txt
114.4854992_30.50077728_270_0.txt
114.4854992_30.50077728_90_0.txt 4 0.684148 144 91 181 195 30.46875
114.4854992_30.50077728_90_0.txt 4 0.444196 221 105 242 136 43.40625
114.4855723_30.50070265_0_0.txt 0 0.327323 407 106 478 230 37.96875
114.4855723_30.50070265_180_0.txt 4 0.266562 415 158 438 196 214.96875
114.4855723_30.50070265_270_0.txt 4 0.470118 116 132 134 191 203.4375
114.4855723_30.50070265_90_0.txt 4 0.287339 241 113 255 173 91.5
114.4855723_30.50070265_90_0.txt 9 0.188251 176 95 214 200 36.5625
114.4856453_30.50062802_0_0.txt
114.4856453_30.50062802_180_0.txt
114.4856453_30.50062802_270_0.txt
114.4856453_30.50062802_90_0.txt 3 0.192864 0 33 46 218 4.3125
114.4857184_30.50055339_0_0.txt 4 0.216486 291 52 338 199 13.96875
114.4857184_30.50055339_180_0.txt
114.4857184_30.50055339_270_0.txt
114.4857184_30.50055339_90_0.txt 4 0.546956 152 48 200 210 33.0
114.4857184_30.50055339_90_0.txt 0 0.315590 148 46 203 229 32.90625
114.4857851_30.50047345_0_0.txt 0 0.189526 399 80 480 267 37.40625
114.4857851_30.50047345_180_0.txt 4 0.211851 395 134 411 185 210.5625
114.4857851_30.50047345_270_0.txt 4 0.196159 73 132 91 182 195.375
114.4857851_30.50047345_90_0.txt 0 0.585361 214 21 271 225 90.46875
114.4858465_30.50038896_0_0.txt 4 0.249775 220 76 256 194 314.625
114.4858465_30.50038896_0_0.txt 0 0.199344 218 76 258 200 314.625
114.4858465_30.50038896_180_0.txt
114.4858465_30.50038896_270_0.txt
114.4858465_30.50038896_90_0.txt 2 0.181537 332 131 349 192 108.84375
114.4859078_30.50030447_0_0.txt
114.4859078_30.50030447_180_0.txt 4 0.498503 2 91 31 195 93.09375
114.4859078_30.50030447_180_0.txt 4 0.299189 341 130 354 172 200.15625
114.4859078_30.50030447_180_0.txt 4 0.290994 7 95 29 188 93.375
114.4859078_30.50030447_180_0.txt 4 0.247367 49 112 74 181 101.53125
114.4859078_30.50030447_270_0.txt 2 0.299190 223 147 238 183 223.21875
114.4859078_30.50030447_90_0.txt 4 0.554778 153 27 212 260 34.21875
114.4859078_30.50030447_90_0.txt 4 0.268246 227 57 257 220 90.375
114.4859078_30.50030447_90_0.txt 4 0.265799 159 31 206 164 34.21875
114.4859078_30.50030447_90_0.txt 4 0.265638 373 114 393 185 116.8125
114.4859078_30.50030447_90_0.txt 4 0.216157 260 69 287 223 96.28125
114.4859692_30.50021998_0_0.txt 4 0.614743 250 74 276 210 4.3125
114.4859692_30.50021998_0_0.txt 4 0.396431 312 58 346 240 16.6875
114.4859692_30.50021998_0_0.txt 4 0.283150 356 37 429 272 28.59375
114.4859692_30.50021998_180_0.txt 4 0.408404 348 125 360 168 201.375
114.4859692_30.50021998_180_0.txt 4 0.333540 400 129 418 169 211.6875
114.4859692_30.50021998_180_0.txt 4 0.322979 442 124 462 189 219.75
114.4859692_30.50021998_180_0.txt 4 0.198121 372 125 384 169 205.875
114.4859692_30.50021998_270_0.txt 4 0.522458 6 113 24 181 182.8125
114.4859692_30.50021998_270_0.txt 4 0.315016 155 136 167 171 210.1875
114.4859692_30.50021998_270_0.txt 4 0.273287 49 121 62 177 190.40625
114.4859692_30.50021998_270_0.txt 4 0.271766 46 121 61 175 190.03125
114.4859692_30.50021998_270_0.txt 4 0.204574 78 134 96 177 196.3125
114.4859692_30.50021998_270_0.txt 4 0.187989 302 149 312 173 282.5625
114.4859692_30.50021998_90_0.txt 4 0.510374 148 35 202 229 32.8125
114.4859692_30.50021998_90_0.txt 4 0.309113 8 10 68 296 7.125
114.4860305_30.50013549_0_0.txt
114.4860305_30.50013549_180_0.txt 4 0.246018 316 139 329 178 195.46875
114.4860305_30.50013549_270_0.txt 4 0.323875 163 135 176 183 211.78125
114.4860305_30.50013549_270_0.txt 4 0.289418 278 152 287 180 277.96875
114.4860305_30.50013549_270_0.txt 4 0.251159 275 151 287 179 277.6875
114.4860305_30.50013549_270_0.txt 4 0.209968 293 153 304 179 280.96875
114.4860305_30.50013549_270_0.txt 4 0.209801 297 155 305 179 281.4375
114.4860305_30.50013549_270_0.txt 4 0.202565 313 150 324 176 284.71875
114.4860305_30.50013549_270_0.txt 4 0.198227 326 153 336 175 287.0625
114.4860305_30.50013549_270_0.txt 4 0.188081 184 136 192 174 215.25
114.4860305_30.50013549_90_0.txt 4 0.333123 276 91 323 222 101.15625
114.4860919_30.500051_0_0.txt
114.4860919_30.500051_180_0.txt 4 0.397329 354 128 374 187 203.25
114.4860919_30.500051_270_0.txt 4 0.552639 18 113 50 191 186.375
114.4860919_30.500051_270_0.txt 4 0.180899 0 111 8 156 180.75
114.4860919_30.500051_90_0.txt 4 0.364070 166 41 243 245 38.34375
114.4861533_30.49996651_0_0.txt
114.4861533_30.49996651_180_0.txt 4 0.482609 377 124 397 178 207.5625
114.4861533_30.49996651_270_0.txt 4 0.356349 56 123 77 176 192.46875
114.4861533_30.49996651_270_0.txt 4 0.253032 327 148 338 175 287.34375
114.4861533_30.49996651_90_0.txt
114.4862146_30.49988202_0_0.txt 4 0.673342 245 58 291 190 5.25
114.4862146_30.49988202_180_0.txt 4 0.476480 376 127 397 175 207.46875
114.4862146_30.49988202_270_0.txt 4 0.338229 57 123 76 176 192.46875
114.4862146_30.49988202_270_0.txt 4 0.257829 146 133 164 159 209.0625
114.4862146_30.49988202_270_0.txt 4 0.186205 342 149 351 174 289.96875
114.4862146_30.49988202_90_0.txt 2 0.611634 255 128 289 235 96.0
114.486276_30.49979752_0_0.txt 4 0.581022 361 5 456 292 31.59375
114.486276_30.49979752_0_0.txt 4 0.345184 285 67 329 239 12.5625
114.486276_30.49979752_180_0.txt 4 0.451279 448 116 476 190 221.625
114.486276_30.49979752_180_0.txt 4 0.302910 414 123 426 180 213.75
114.486276_30.49979752_180_0.txt 4 0.218826 450 115 469 184 221.15625
114.486276_30.49979752_270_0.txt 4 0.479211 118 127 131 172 203.34375
114.486276_30.49979752_270_0.txt 4 0.400623 141 132 153 171 207.5625
114.486276_30.49979752_270_0.txt 4 0.385337 92 126 103 178 198.28125
114.486276_30.49979752_270_0.txt 4 0.381738 273 150 286 181 277.40625
114.486276_30.49979752_270_0.txt 4 0.361177 164 135 175 172 211.78125
114.486276_30.49979752_270_0.txt 4 0.211576 289 150 301 181 280.3125
114.486276_30.49979752_270_0.txt 4 0.211253 195 137 205 175 217.5
114.486276_30.49979752_270_0.txt 4 0.207860 332 153 343 181 288.28125
114.486276_30.49979752_270_0.txt 4 0.205358 291 152 299 183 280.3125
114.486276_30.49979752_270_0.txt 4 0.180713 314 152 323 183 284.71875
114.486276_30.49979752_90_0.txt 3 0.535894 14 1 118 295 12.375
114.486276_30.49979752_90_0.txt 3 0.415080 148 24 209 254 33.46875
114.4863374_30.49971303_0_0.txt
114.4863374_30.49971303_180_0.txt 4 0.221818 408 126 428 183 213.375
114.4863374_30.49971303_270_0.txt 4 0.428394 322 154 330 179 286.125
114.4863374_30.49971303_270_0.txt 4 0.410889 84 127 104 180 197.625
114.4863374_30.49971303_270_0.txt 4 0.268744 305 155 315 178 283.125
114.4863374_30.49971303_270_0.txt 4 0.231835 86 128 108 184 198.1875
114.4863374_30.49971303_270_0.txt 4 0.193458 338 154 348 178 289.3125
114.4863374_30.49971303_90_0.txt 5 0.258966 50 0 186 259 22.125
114.4863885_30.49962243_0_0.txt 2 0.196233 40 151 51 174 278.53125
114.4863885_30.49962243_180_0.txt
114.4863885_30.49962243_270_0.txt 4 0.373294 199 139 214 175 218.71875
114.4863885_30.49962243_270_0.txt 4 0.228734 274 146 285 181 277.40625
114.4863885_30.49962243_270_0.txt 4 0.227383 345 154 354 175 290.53125
114.4863885_30.49962243_270_0.txt 4 0.212310 298 148 306 177 281.625
114.4863885_30.49962243_90_0.txt 2 0.565437 280 120 323 234 101.53125
114.4863885_30.49962243_90_0.txt 0 0.315701 0 83 68 296 6.375
114.4864338_30.49952834_0_0.txt 2 0.196406 261 125 304 214 7.96875
114.4864338_30.49952834_180_0.txt
114.4864338_30.49952834_270_0.txt 4 0.230677 311 148 321 179 284.25
114.4864338_30.49952834_270_0.txt 4 0.212961 279 152 290 180 278.34375
114.4864338_30.49952834_90_0.txt
114.4864791_30.49943426_0_0.txt 0 0.242313 301 69 351 239 16.125
114.4864791_30.49943426_0_0.txt 4 0.210889 31 146 45 175 277.125
114.4864791_30.49943426_180_0.txt 4 0.399218 0 70 28 202 92.625
114.4864791_30.49943426_270_0.txt 4 0.217079 346 154 356 176 290.8125
114.4864791_30.49943426_270_0.txt 4 0.192735 308 154 317 178 283.59375
114.4864791_30.49943426_270_0.txt 4 0.186190 327 154 335 175 287.0625
114.4864791_30.49943426_270_0.txt 4 0.181797 324 153 334 176 286.6875
114.4864791_30.49943426_90_0.txt 4 0.197984 154 32 221 251 35.15625
114.4864791_30.49943426_90_0.txt 4 0.182092 230 89 262 222 91.125
114.4865244_30.49934017_0_0.txt 4 0.314441 390 41 445 256 33.28125
114.4865244_30.49934017_180_0.txt
114.4865244_30.49934017_270_0.txt 4 0.240341 309 156 318 179 283.78125
114.4865244_30.49934017_90_0.txt 3 0.490813 132 45 191 245 30.28125
114.4865244_30.49934017_90_0.txt 4 0.456008 2 13 53 273 5.15625
114.4865244_30.49934017_90_0.txt 3 0.286927 207 60 254 241 43.21875
114.4865244_30.49934017_90_0.txt 4 0.250088 7 16 52 216 5.53125
114.4865244_30.49934017_90_0.txt 4 0.205173 63 43 110 249 16.21875
114.4865697_30.49924609_0_0.txt 0 0.260065 320 109 398 238 22.3125
114.4865697_30.49924609_0_0.txt 0 0.211361 409 50 480 234 38.34375
114.4865697_30.49924609_180_0.txt
114.4865697_30.49924609_270_0.txt 4 0.216455 162 138 173 167 211.40625
114.4865697_30.49924609_90_0.txt
114.486615_30.49915201_0_0.txt 5 0.374994 348 71 404 230 25.5
114.486615_30.49915201_180_0.txt 4 0.242367 23 105 55 181 97.3125
114.486615_30.49915201_270_0.txt 4 0.209854 241 150 251 182 271.125
114.486615_30.49915201_90_0.txt
114.4866603_30.49905792_0_0.txt 0 0.297609 321 71 391 238 21.75
114.4866603_30.49905792_180_0.txt 4 0.272229 0 92 27 207 92.53125
114.4866603_30.49905792_180_0.txt 4 0.248829 418 115 444 192 215.8125
114.4866603_30.49905792_180_0.txt 4 0.184852 459 121 480 195 223.03125
114.4866603_30.49905792_270_0.txt 4 0.259233 368 150 378 176 294.9375
114.4866603_30.49905792_270_0.txt 4 0.246187 184 126 201 180 216.09375
114.4866603_30.49905792_270_0.txt 4 0.203280 147 130 164 183 209.15625
114.4866603_30.49905792_90_0.txt
114.4867056_30.49896384_0_0.txt
114.4867056_30.49896384_180_0.txt
114.4867056_30.49896384_270_0.txt 4 0.273615 363 153 373 178 294.0
114.4867056_30.49896384_90_0.txt
114.4867509_30.49886975_0_0.txt 2 0.298427 235 168 254 209 0.84375
114.4867509_30.49886975_180_0.txt
114.4867509_30.49886975_270_0.txt 4 0.299717 258 148 271 183 274.59375
114.4867509_30.49886975_270_0.txt 4 0.202506 382 152 392 175 297.5625
114.4867509_30.49886975_270_0.txt 4 0.193548 322 149 333 181 286.40625
114.4867509_30.49886975_270_0.txt 4 0.180036 387 152 395 174 298.3125
114.4867509_30.49886975_90_0.txt
114.4867962_30.49877567_0_0.txt 4 0.278301 363 79 479 270 33.9375
114.4867962_30.49877567_0_0.txt 4 0.201934 49 149 62 175 280.40625
114.4867962_30.49877567_180_0.txt
114.4867962_30.49877567_270_0.txt
114.4867962_30.49877567_90_0.txt 4 0.299313 227 78 246 116 44.34375
114.4868415_30.49868158_0_0.txt
114.4868415_30.49868158_180_0.txt 4 0.274368 449 124 471 186 221.25
114.4868415_30.49868158_270_0.txt 4 0.267311 379 154 390 176 297.09375
114.4868415_30.49868158_270_0.txt 4 0.201350 375 153 390 177 296.71875
114.4868415_30.49868158_90_0.txt
114.4868829_30.4917225_0_0.txt
114.4868829_30.4917225_180_0.txt
114.4868829_30.4917225_270_0.txt
114.4868829_30.4917225_90_0.txt
114.4868868_30.4985875_0_0.txt 0 0.190417 420 97 480 283 39.375
114.4868868_30.4985875_0_0.txt 5 0.182431 319 87 366 221 19.21875
114.4868868_30.4985875_180_0.txt 0 0.208715 432 114 477 198 220.21875
114.4868868_30.4985875_270_0.txt 4 0.308418 349 147 367 180 292.125
114.4868868_30.4985875_270_0.txt 4 0.302598 250 135 268 183 273.5625
114.4868868_30.4985875_270_0.txt 4 0.239186 404 155 413 178 301.59375
114.4868868_30.4985875_270_0.txt 4 0.193739 308 154 320 181 283.875
114.4868868_30.4985875_90_0.txt
114.4868984_30.49195138_0_0.txt 4 0.197356 15 106 40 153 275.15625
114.4868984_30.49195138_180_0.txt
114.4868984_30.49195138_270_0.txt
114.4868984_30.49195138_90_0.txt
114.4869038_30.49127686_0_0.txt 2 0.428407 0 91 25 220 272.34375
114.4869038_30.49127686_180_0.txt 2 0.761271 313 104 355 199 197.625
114.4869038_30.49127686_180_0.txt 2 0.545897 277 132 293 183 188.4375
114.4869038_30.49127686_180_0.txt 4 0.425208 50 119 72 181 101.4375
114.4869038_30.49127686_270_0.txt 2 0.694576 318 106 356 193 288.1875
114.4869038_30.49127686_270_0.txt 2 0.525263 154 58 239 220 216.84375
114.4869038_30.49127686_270_0.txt 2 0.286023 287 130 305 178 280.5
114.4869038_30.49127686_270_0.txt 2 0.198729 170 63 220 219 216.5625
114.4869038_30.49127686_90_0.txt 4 0.692810 233 111 259 173 91.125
114.4869038_30.49127686_90_0.txt 4 0.644541 301 114 325 175 103.6875
114.4869038_30.49127686_90_0.txt 4 0.533536 373 114 400 176 117.46875
114.4869038_30.49127686_90_0.txt 4 0.372004 142 125 165 171 28.78125
114.4869038_30.49127686_90_0.txt 4 0.317222 181 133 193 171 35.0625
114.4869038_30.49127686_90_0.txt 4 0.194201 374 114 393 173 116.90625
114.4869284_30.49021987_0_0.txt
114.4869284_30.49021987_180_0.txt 4 0.542461 376 63 428 214 210.375
114.4869284_30.49021987_270_0.txt 3 0.442657 237 14 274 199 272.90625
114.4869284_30.49021987_270_0.txt 1 0.303530 236 9 278 198 273.1875
114.4869284_30.49021987_270_0.txt 4 0.277498 57 52 104 207 195.09375
114.4869284_30.49021987_90_0.txt 4 0.316497 452 126 475 178 131.90625
114.4869284_30.49021987_90_0.txt 4 0.245319 261 116 277 156 95.4375
114.4869284_30.49021987_90_0.txt 4 0.192292 260 116 277 176 95.34375
114.4869291_30.49032427_0_0.txt
114.4869291_30.49032427_180_0.txt 3 0.421658 331 19 369 182 200.625
114.4869291_30.49032427_180_0.txt 4 0.242329 90 130 105 169 108.28125
114.4869291_30.49032427_270_0.txt
114.4869291_30.49032427_90_0.txt 4 0.443513 410 129 432 177 123.9375
114.4869291_30.49032427_90_0.txt 4 0.362235 368 113 391 161 116.15625
114.4869291_30.49032427_90_0.txt 4 0.353430 322 121 336 152 106.6875
114.4869302_30.49042869_0_0.txt
114.4869302_30.49042869_180_0.txt 5 0.299923 359 69 412 212 207.28125
114.4869302_30.49042869_270_0.txt 3 0.197680 123 6 171 208 207.5625
114.4869302_30.49042869_90_0.txt 2 0.258458 327 141 347 187 108.1875
114.4869314_30.4905331_0_0.txt
114.4869314_30.4905331_180_0.txt 5 0.299923 359 69 412 212 207.28125
114.4869314_30.4905331_270_0.txt 3 0.197680 123 6 171 208 207.5625
114.4869314_30.4905331_90_0.txt 2 0.258458 327 141 347 187 108.1875
114.4869321_30.49849342_0_0.txt 3 0.550613 382 19 452 262 33.1875
114.4869321_30.49849342_0_0.txt 4 0.255706 380 17 462 264 33.9375
114.4869321_30.49849342_0_0.txt 2 0.208796 284 102 316 216 11.25
114.4869321_30.49849342_0_0.txt 4 0.204652 285 102 314 217 11.15625
114.4869321_30.49849342_180_0.txt 4 0.244215 59 85 87 205 103.6875
114.4869321_30.49849342_180_0.txt 4 0.242479 427 125 453 186 217.5
114.4869321_30.49849342_180_0.txt 4 0.221029 468 119 480 193 223.875
114.4869321_30.49849342_180_0.txt 4 0.195043 396 126 415 183 211.03125
114.4869321_30.49849342_270_0.txt
114.4869321_30.49849342_90_0.txt 4 0.521154 286 63 330 227 102.75
114.4869321_30.49849342_90_0.txt 3 0.326373 49 21 119 260 15.75
114.4869326_30.49063752_0_0.txt 4 0.191982 0 87 10 180 270.9375
114.4869326_30.49063752_180_0.txt 9 0.227851 0 120 29 177 92.71875
114.4869326_30.49063752_180_0.txt 4 0.214129 60 129 85 178 103.59375
114.4869326_30.49063752_180_0.txt 4 0.188385 67 131 86 177 104.34375
114.4869326_30.49063752_270_0.txt
114.4869326_30.49063752_90_0.txt 2 0.534890 346 134 362 178 111.375
114.4869326_30.49063752_90_0.txt 4 0.275729 383 134 408 180 119.15625
114.4869331_30.49011555_0_0.txt 3 0.554873 12 0 68 217 277.5
114.4869331_30.49011555_0_0.txt 4 0.493631 434 93 472 182 39.9375
114.4869331_30.49011555_0_0.txt 3 0.332380 145 66 168 188 299.34375
114.4869331_30.49011555_0_0.txt 4 0.202216 382 118 401 173 28.40625
114.4869331_30.49011555_180_0.txt
114.4869331_30.49011555_270_0.txt 3 0.409374 341 37 391 210 293.625
114.4869331_30.49011555_270_0.txt 4 0.389826 124 9 195 217 209.90625
114.4869331_30.49011555_270_0.txt 3 0.252114 336 27 407 214 294.65625
114.4869331_30.49011555_90_0.txt 3 0.499301 106 107 136 176 22.6875
114.4869331_30.49011555_90_0.txt 4 0.252556 214 128 234 162 42.0
114.4869331_30.49011555_90_0.txt 4 0.244182 187 130 205 179 36.75
114.4869331_30.49011555_90_0.txt 4 0.215058 161 127 179 178 31.875
114.4869331_30.49011555_90_0.txt 4 0.198917 60 114 81 175 13.21875
114.4869337_30.49074193_0_0.txt
114.4869337_30.49074193_180_0.txt 2 0.219817 121 140 132 175 113.71875
114.4869337_30.49074193_270_0.txt 4 0.195359 469 86 479 181 313.875
114.4869337_30.49074193_90_0.txt
114.4869355_30.49117954_0_0.txt 2 0.345533 0 77 26 205 272.4375
114.4869355_30.49117954_0_0.txt 2 0.196564 0 79 21 227 271.96875
114.4869355_30.49117954_180_0.txt 2 0.408704 349 109 402 210 205.40625
114.4869355_30.49117954_180_0.txt 9 0.375919 350 110 401 210 205.40625
114.4869355_30.49117954_180_0.txt 4 0.219776 22 103 55 178 97.21875
114.4869355_30.49117954_270_0.txt 2 0.577744 326 111 358 190 289.125
114.4869355_30.49117954_270_0.txt 2 0.411470 296 134 315 174 282.28125
114.4869355_30.49117954_270_0.txt 9 0.258211 11 91 87 210 189.1875
114.4869355_30.49117954_270_0.txt 2 0.209266 15 94 68 209 187.78125
114.4869355_30.49117954_90_0.txt 4 0.619150 147 126 175 207 30.1875
114.4869355_30.49117954_90_0.txt 4 0.554093 250 117 286 187 95.25
114.4869355_30.49117954_90_0.txt 4 0.398110 191 137 208 177 37.40625
114.4869355_30.49117954_90_0.txt 4 0.268603 325 124 354 188 108.65625
114.4869355_30.49117954_90_0.txt 4 0.183748 416 130 448 192 126.0
114.4869367_30.49084623_0_0.txt 4 0.497484 333 134 349 171 18.9375
114.4869367_30.49084623_0_0.txt 2 0.384592 181 133 201 184 305.8125
114.4869367_30.49084623_0_0.txt 4 0.360131 365 125 381 172 24.9375
114.4869367_30.49084623_0_0.txt 4 0.292965 435 110 455 176 38.4375
114.4869367_30.49084623_180_0.txt
114.4869367_30.49084623_270_0.txt
114.4869367_30.49084623_90_0.txt 4 0.460166 36 117 57 177 8.71875
114.4869367_30.49084623_90_0.txt 4 0.325787 0 123 18 164 1.6875
114.4869367_30.49084623_90_0.txt 4 0.218135 0 126 13 164 1.21875
114.4869367_30.49084623_90_0.txt 4 0.213733 2 124 22 161 2.25
114.4869377_30.49001123_0_0.txt 3 0.554873 12 0 68 217 277.5
114.4869377_30.49001123_0_0.txt 4 0.493631 434 93 472 182 39.9375
114.4869377_30.49001123_0_0.txt 3 0.332380 145 66 168 188 299.34375
114.4869377_30.49001123_0_0.txt 4 0.202216 382 118 401 173 28.40625
114.4869377_30.49001123_180_0.txt
114.4869377_30.49001123_270_0.txt 3 0.409374 341 37 391 210 293.625
114.4869377_30.49001123_270_0.txt 4 0.389826 124 9 195 217 209.90625
114.4869377_30.49001123_270_0.txt 3 0.252114 336 27 407 214 294.65625
114.4869377_30.49001123_90_0.txt 3 0.499301 106 107 136 176 22.6875
114.4869377_30.49001123_90_0.txt 4 0.252556 214 128 234 162 42.0
114.4869377_30.49001123_90_0.txt 4 0.244182 187 130 205 179 36.75
114.4869377_30.49001123_90_0.txt 4 0.215058 161 127 179 178 31.875
114.4869377_30.49001123_90_0.txt 4 0.198917 60 114 81 175 13.21875
114.4869424_30.48990691_0_0.txt 4 0.470812 349 129 372 176 22.59375
114.4869424_30.48990691_0_0.txt 4 0.288130 348 132 367 174 22.03125
114.4869424_30.48990691_0_0.txt 4 0.190837 346 136 362 173 21.375
114.4869424_30.48990691_0_0.txt 4 0.187323 351 128 375 171 23.0625
114.4869424_30.48990691_180_0.txt 4 0.241042 7 112 33 178 93.75
114.4869424_30.48990691_270_0.txt
114.4869424_30.48990691_90_0.txt 4 0.383213 1 122 32 174 3.09375
114.4869424_30.48990691_90_0.txt 4 0.338660 5 126 24 171 2.71875
114.486947_30.48980259_0_0.txt 4 0.222050 343 134 355 171 20.4375
114.486947_30.48980259_180_0.txt 0 0.294095 321 63 409 225 203.4375
114.486947_30.48980259_270_0.txt
114.486947_30.48980259_90_0.txt
114.4869484_30.49095_0_0.txt
114.4869484_30.49095_180_0.txt
114.4869484_30.49095_270_0.txt
114.4869484_30.49095_90_0.txt
114.4869516_30.48969827_0_0.txt
114.4869516_30.48969827_180_0.txt 4 0.435000 40 93 76 179 100.875
114.4869516_30.48969827_180_0.txt 4 0.423103 93 67 140 190 111.84375
114.4869516_30.48969827_180_0.txt 3 0.181760 96 70 138 191 111.9375
114.4869516_30.48969827_270_0.txt
114.4869516_30.48969827_90_0.txt 0 0.310037 222 34 348 212 98.4375
114.4869516_30.48969827_90_0.txt 0 0.253302 418 34 480 210 129.1875
114.4869563_30.48959395_0_0.txt 4 0.311632 427 122 445 176 36.75
114.4869563_30.48959395_0_0.txt 4 0.304430 361 131 374 172 23.90625
114.4869563_30.48959395_0_0.txt 3 0.202129 115 69 152 176 295.03125
114.4869563_30.48959395_180_0.txt
114.4869563_30.48959395_270_0.txt 1 0.504621 103 1 210 217 209.34375
114.4869563_30.48959395_270_0.txt 3 0.458176 289 11 352 213 285.09375
114.4869563_30.48959395_90_0.txt
114.4869579_30.49107755_0_0.txt
114.4869579_30.49107755_180_0.txt
114.4869579_30.49107755_270_0.txt
114.4869579_30.49107755_90_0.txt 4 0.468570 200 127 218 162 39.1875
114.4869579_30.49107755_90_0.txt 4 0.339112 241 125 263 181 92.25
114.4869601_30.49105376_0_0.txt
114.4869601_30.49105376_180_0.txt
114.4869601_30.49105376_270_0.txt
114.4869601_30.49105376_90_0.txt 4 0.468570 200 127 218 162 39.1875
114.4869601_30.49105376_90_0.txt 4 0.339112 241 125 263 181 92.25
114.4869609_30.48948964_0_0.txt 9 0.365386 386 122 407 178 29.34375
114.4869609_30.48948964_180_0.txt
114.4869609_30.48948964_270_0.txt
114.4869609_30.48948964_90_0.txt 2 0.368722 0 107 17 178 1.59375
114.4869611_30.4910628_0_0.txt
114.4869611_30.4910628_180_0.txt
114.4869611_30.4910628_270_0.txt
114.4869611_30.4910628_90_0.txt 4 0.468570 200 127 218 162 39.1875
114.4869611_30.4910628_90_0.txt 4 0.339112 241 125 263 181 92.25
114.4869646_30.49115806_0_0.txt
114.4869646_30.49115806_180_0.txt
114.4869646_30.49115806_270_0.txt
114.4869646_30.49115806_90_0.txt 4 0.368863 193 125 215 159 38.25
114.4869668_30.48938541_0_0.txt
114.4869668_30.48938541_180_0.txt 1 0.729071 0 5 65 221 96.09375
114.4869668_30.48938541_270_0.txt
114.4869668_30.48938541_90_0.txt
114.4869685_30.49126241_0_0.txt
114.4869685_30.49126241_180_0.txt 4 0.468841 95 92 144 173 112.40625
114.4869685_30.49126241_180_0.txt 9 0.347996 398 125 431 189 212.71875
114.4869685_30.49126241_180_0.txt 4 0.300068 162 122 188 159 122.8125
114.4869685_30.49126241_270_0.txt 2 0.315143 163 112 190 180 213.09375
114.4869685_30.49126241_90_0.txt 4 0.446813 222 117 243 174 43.59375
114.4869685_30.49126241_90_0.txt 4 0.356341 301 78 391 186 109.875
114.4869685_30.49126241_90_0.txt 4 0.354695 170 107 198 167 34.5
114.4869685_30.49126241_90_0.txt 0 0.264368 300 77 389 185 109.59375
114.4869685_30.49126241_90_0.txt 4 0.241256 312 82 371 183 109.03125
114.4869685_30.49126241_90_0.txt 4 0.222185 404 92 436 188 123.75
114.4869685_30.49126241_90_0.txt 4 0.184665 444 87 480 187 131.625
114.4869715_30.49839693_0_0.txt 4 0.686067 265 101 293 214 7.3125
114.4869715_30.49839693_0_0.txt 4 0.381328 430 16 476 257 39.9375
114.4869715_30.49839693_0_0.txt 4 0.352482 374 36 421 254 29.53125
114.4869715_30.49839693_0_0.txt 4 0.316295 315 67 356 227 17.90625
114.4869715_30.49839693_0_0.txt 4 0.211991 20 140 33 178 274.96875
114.4869715_30.49839693_0_0.txt 4 0.205983 0 133 9 185 270.84375
114.4869715_30.49839693_180_0.txt 4 0.201338 415 136 430 180 214.21875
114.4869715_30.49839693_270_0.txt
114.4869715_30.49839693_90_0.txt 4 0.471832 100 54 136 234 22.125
114.4869715_30.49839693_90_0.txt 4 0.406259 158 67 213 237 34.78125
114.4869719_30.49202402_0_0.txt
114.4869719_30.49202402_180_0.txt
114.4869719_30.49202402_270_0.txt 2 0.296103 247 115 272 185 273.65625
114.4869719_30.49202402_270_0.txt 2 0.222004 173 124 192 177 214.21875
114.4869719_30.49202402_90_0.txt 9 0.389869 190 124 216 182 38.0625
114.4869719_30.49202402_90_0.txt 2 0.356625 274 129 296 180 98.4375
114.4869724_30.49136676_0_0.txt 4 0.562303 460 85 480 179 43.125
114.4869724_30.49136676_0_0.txt 4 0.262711 467 86 480 182 43.78125
114.4869724_30.49136676_180_0.txt 4 0.648283 100 90 149 184 113.34375
114.4869724_30.49136676_180_0.txt 4 0.625583 0 35 26 146 92.4375
114.4869724_30.49136676_180_0.txt 4 0.476002 0 37 26 202 92.4375
114.4869724_30.49136676_180_0.txt 4 0.328281 165 121 191 177 123.375
114.4869724_30.49136676_180_0.txt 4 0.208039 170 124 192 175 123.9375
114.4869724_30.49136676_270_0.txt
114.4869724_30.49136676_90_0.txt 4 0.708836 275 56 355 194 104.0625
114.4869724_30.49136676_90_0.txt 4 0.429128 442 65 479 202 131.34375
114.4869724_30.49136676_90_0.txt 4 0.399669 125 108 149 174 25.6875
114.4869724_30.49136676_90_0.txt 4 0.370202 171 121 194 184 34.21875
114.4869783_30.48928163_0_0.txt 3 0.349073 21 8 85 203 279.9375
114.4869783_30.48928163_180_0.txt 3 0.669041 373 5 414 209 208.78125
114.4869783_30.48928163_270_0.txt 3 0.625082 56 0 98 209 194.4375
114.4869783_30.48928163_270_0.txt 3 0.522674 222 22 258 213 270.0
114.4869783_30.48928163_270_0.txt 3 0.197511 355 39 402 205 295.96875
114.4869783_30.48928163_90_0.txt 4 0.184526 222 124 243 179 43.59375
114.4869868_30.49173271_0_0.txt
114.4869868_30.49173271_180_0.txt
114.4869868_30.49173271_270_0.txt
114.4869868_30.49173271_90_0.txt
114.4869898_30.48917785_0_0.txt 4 0.572696 100 64 137 183 292.21875
114.4869898_30.48917785_180_0.txt
114.4869898_30.48917785_270_0.txt 3 0.595104 296 23 339 207 284.53125
114.4869898_30.48917785_270_0.txt 3 0.523812 129 4 175 214 208.5
114.4869898_30.48917785_270_0.txt 4 0.437322 427 32 473 189 309.375
114.4869898_30.48917785_90_0.txt
114.4870013_30.48907406_0_0.txt 4 0.525083 379 88 417 175 29.625
114.4870013_30.48907406_0_0.txt 4 0.429797 324 68 365 189 19.59375
114.4870013_30.48907406_0_0.txt 4 0.235271 287 99 314 177 11.34375
114.4870013_30.48907406_180_0.txt 3 0.406969 0 4 74 223 96.9375
114.4870013_30.48907406_270_0.txt
114.4870013_30.48907406_90_0.txt 3 0.588940 319 2 405 209 112.875
114.4870013_30.48907406_90_0.txt 4 0.442696 52 81 95 168 13.78125
114.4870051_30.49829806_0_0.txt
114.4870051_30.49829806_180_0.txt
114.4870051_30.49829806_270_0.txt 4 0.268863 406 150 417 177 302.15625
114.4870051_30.49829806_90_0.txt 4 0.278025 249 95 283 213 94.875
114.4870094_30.49146305_0_0.txt
114.4870094_30.49146305_180_0.txt
114.4870094_30.49146305_270_0.txt
114.4870094_30.49146305_90_0.txt 4 0.266740 452 136 470 182 131.4375
114.4870129_30.48897028_0_0.txt 4 0.213277 359 117 381 176 24.375
114.4870129_30.48897028_180_0.txt
114.4870129_30.48897028_270_0.txt 2 0.341221 313 107 338 170 286.03125
114.4870129_30.48897028_270_0.txt 2 0.247863 136 101 160 173 207.75
114.4870129_30.48897028_90_0.txt 2 0.445266 305 137 324 178 103.96875
114.4870129_30.48897028_90_0.txt 4 0.380314 21 103 62 180 7.78125
114.4870129_30.48897028_90_0.txt 4 0.329522 452 124 465 165 130.96875
114.4870244_30.48886649_0_0.txt 4 0.243455 68 35 109 171 286.59375
114.4870244_30.48886649_0_0.txt 0 0.230089 61 33 113 175 286.3125
114.4870244_30.48886649_180_0.txt 3 0.240406 358 17 413 218 207.28125
114.4870244_30.48886649_270_0.txt 3 0.606717 235 6 275 210 272.8125
114.4870244_30.48886649_270_0.txt 4 0.205316 390 30 432 181 302.0625
114.4870244_30.48886649_90_0.txt 3 0.436745 127 101 153 175 26.25
114.4870342_30.49210782_0_0.txt
114.4870342_30.49210782_180_0.txt
114.4870342_30.49210782_270_0.txt 2 0.296103 247 115 272 185 273.65625
114.4870342_30.49210782_270_0.txt 2 0.222004 173 124 192 177 214.21875
114.4870342_30.49210782_90_0.txt 9 0.389869 190 124 216 182 38.0625
114.4870342_30.49210782_90_0.txt 2 0.356625 274 129 296 180 98.4375
114.4870359_30.48876271_0_0.txt 4 0.243455 68 35 109 171 286.59375
114.4870359_30.48876271_0_0.txt 0 0.230089 61 33 113 175 286.3125
114.4870359_30.48876271_180_0.txt 3 0.240406 358 17 413 218 207.28125
114.4870359_30.48876271_270_0.txt 3 0.606717 235 6 275 210 272.8125
114.4870359_30.48876271_270_0.txt 4 0.205316 390 30 432 181 302.0625
114.4870359_30.48876271_90_0.txt 3 0.436745 127 101 153 175 26.25
114.4870387_30.49819919_0_0.txt
114.4870387_30.49819919_180_0.txt 0 0.403007 0 29 60 229 95.625
114.4870387_30.49819919_270_0.txt
114.4870387_30.49819919_90_0.txt
114.487049_30.48865911_0_0.txt 3 0.566963 65 16 112 193 286.59375
114.487049_30.48865911_0_0.txt 4 0.262151 373 117 396 179 27.09375
114.487049_30.48865911_0_0.txt 4 0.208201 399 124 415 176 31.3125
114.487049_30.48865911_180_0.txt 1 0.234695 347 26 449 233 209.625
114.487049_30.48865911_180_0.txt 4 0.210574 87 130 99 167 107.4375
114.487049_30.48865911_270_0.txt 1 0.331579 0 8 111 226 190.40625
114.487049_30.48865911_270_0.txt 4 0.326489 385 12 436 200 301.96875
114.487049_30.48865911_90_0.txt 4 0.333589 79 116 94 170 16.21875
114.487049_30.48865911_90_0.txt 4 0.305926 121 123 142 183 24.65625
114.487049_30.48865911_90_0.txt 4 0.274054 51 108 73 175 11.625
114.487049_30.48865911_90_0.txt 4 0.234637 407 130 425 175 123.0
114.487049_30.48865911_90_0.txt 4 0.214814 0 98 7 170 0.65625
114.487049_30.48865911_90_0.txt 4 0.182633 411 132 428 176 123.65625
114.4870539_30.4915575_0_0.txt
114.4870539_30.4915575_180_0.txt
114.4870539_30.4915575_270_0.txt
114.4870539_30.4915575_90_0.txt
114.4870623_30.48855554_0_0.txt 3 0.566963 65 16 112 193 286.59375
114.4870623_30.48855554_0_0.txt 4 0.262151 373 117 396 179 27.09375
114.4870623_30.48855554_0_0.txt 4 0.208201 399 124 415 176 31.3125
114.4870623_30.48855554_180_0.txt 1 0.234695 347 26 449 233 209.625
114.4870623_30.48855554_180_0.txt 4 0.210574 87 130 99 167 107.4375
114.4870623_30.48855554_270_0.txt 1 0.331579 0 8 111 226 190.40625
114.4870623_30.48855554_270_0.txt 4 0.326489 385 12 436 200 301.96875
114.4870623_30.48855554_90_0.txt 4 0.333589 79 116 94 170 16.21875
114.4870623_30.48855554_90_0.txt 4 0.305926 121 123 142 183 24.65625
114.4870623_30.48855554_90_0.txt 4 0.274054 51 108 73 175 11.625
114.4870623_30.48855554_90_0.txt 4 0.234637 407 130 425 175 123.0
114.4870623_30.48855554_90_0.txt 4 0.214814 0 98 7 170 0.65625
114.4870623_30.48855554_90_0.txt 4 0.182633 411 132 428 176 123.65625
114.4870693_30.49166078_0_0.txt
114.4870693_30.49166078_180_0.txt
114.4870693_30.49166078_270_0.txt
114.4870693_30.49166078_90_0.txt
114.4870723_30.49810032_0_0.txt 0 0.584494 403 78 480 281 37.78125
114.4870723_30.49810032_180_0.txt 0 0.397265 0 84 49 252 94.59375
114.4870723_30.49810032_270_0.txt 4 0.291138 3 117 21 168 182.25
114.4870723_30.49810032_270_0.txt 4 0.239908 50 122 68 154 191.0625
114.4870723_30.49810032_270_0.txt 4 0.181733 0 115 23 174 182.15625
114.4870723_30.49810032_90_0.txt 0 0.415780 224 53 331 256 97.03125
114.4870756_30.48845197_0_0.txt
114.4870756_30.48845197_180_0.txt
114.4870756_30.48845197_270_0.txt 1 0.203603 32 63 92 209 191.625
114.4870756_30.48845197_90_0.txt
114.4870759_30.49220233_0_0.txt
114.4870759_30.49220233_180_0.txt
114.4870759_30.49220233_270_0.txt
114.4870759_30.49220233_90_0.txt
114.4870814_30.491742_0_0.txt
114.4870814_30.491742_180_0.txt
114.4870814_30.491742_270_0.txt
114.4870814_30.491742_90_0.txt 4 0.260430 404 74 431 161 123.28125
114.487082_30.4910701_0_0.txt 4 0.683747 297 0 420 188 22.21875
114.487082_30.4910701_180_0.txt 4 0.488384 174 69 227 187 127.59375
114.487082_30.4910701_180_0.txt 4 0.364850 160 47 235 189 127.03125
114.487082_30.4910701_180_0.txt 4 0.362691 98 11 145 173 112.78125
114.487082_30.4910701_270_0.txt 2 0.548832 293 126 314 168 281.90625
114.487082_30.4910701_270_0.txt 2 0.395942 242 130 258 170 271.875
114.487082_30.4910701_270_0.txt 2 0.235338 174 131 193 175 214.40625
114.487082_30.4910701_90_0.txt 4 0.366221 0 1 32 159 3.0
114.487082_30.4910701_90_0.txt 4 0.195906 422 58 464 159 128.0625
114.487082_30.4910701_90_0.txt 4 0.184874 214 0 411 236 103.59375
114.4870889_30.4883484_0_0.txt
114.4870889_30.4883484_180_0.txt
114.4870889_30.4883484_270_0.txt 1 0.203603 32 63 92 209 191.625
114.4870889_30.4883484_90_0.txt
114.4870905_30.49182203_0_0.txt
114.4870905_30.49182203_180_0.txt
114.4870905_30.49182203_270_0.txt
114.4870905_30.49182203_90_0.txt
114.4871021_30.48824483_0_0.txt
114.4871021_30.48824483_180_0.txt
114.4871021_30.48824483_270_0.txt 3 0.699630 291 1 345 207 284.625
114.4871021_30.48824483_270_0.txt 3 0.592639 118 5 177 215 207.65625
114.4871021_30.48824483_90_0.txt
114.4871022_30.49192579_0_0.txt
114.4871022_30.49192579_180_0.txt
114.4871022_30.49192579_270_0.txt
114.4871022_30.49192579_90_0.txt
114.4871051_30.49174433_0_0.txt
114.4871051_30.49174433_180_0.txt
114.4871051_30.49174433_270_0.txt
114.4871051_30.49174433_90_0.txt 4 0.259337 404 74 431 161 123.28125
114.4871059_30.49800145_0_0.txt 4 0.406236 277 93 319 212 10.875
114.4871059_30.49800145_0_0.txt 0 0.389502 274 89 323 213 10.96875
114.4871059_30.49800145_180_0.txt 4 0.247655 468 111 480 182 223.875
114.4871059_30.49800145_180_0.txt 4 0.212541 429 115 451 183 217.5
114.4871059_30.49800145_270_0.txt 4 0.372644 104 126 121 182 201.09375
114.4871059_30.49800145_270_0.txt 4 0.369789 131 125 145 180 205.875
114.4871059_30.49800145_270_0.txt 4 0.241539 128 126 142 182 205.3125
114.4871059_30.49800145_90_0.txt 4 0.396372 259 64 299 235 97.3125
114.4871059_30.49800145_90_0.txt 4 0.186349 314 70 353 217 107.53125
114.4871086_30.4923015_0_0.txt 4 0.229303 417 102 449 200 36.1875
114.4871086_30.4923015_180_0.txt
114.4871086_30.4923015_270_0.txt
114.4871086_30.4923015_90_0.txt 4 0.634429 149 108 174 189 30.28125
114.487114_30.49202954_0_0.txt
114.487114_30.49202954_180_0.txt
114.487114_30.49202954_270_0.txt
114.487114_30.49202954_90_0.txt
114.4871154_30.48814125_0_0.txt
114.4871154_30.48814125_180_0.txt
114.4871154_30.48814125_270_0.txt 3 0.699630 291 1 345 207 284.625
114.4871154_30.48814125_270_0.txt 3 0.592639 118 5 177 215 207.65625
114.4871154_30.48814125_90_0.txt
114.4871155_30.49116899_0_0.txt 4 0.606967 353 62 432 188 28.59375
114.4871155_30.49116899_0_0.txt 4 0.224217 367 64 423 191 29.0625
114.4871155_30.49116899_180_0.txt 4 0.706632 181 56 244 194 129.84375
114.4871155_30.49116899_270_0.txt
114.4871155_30.49116899_90_0.txt 4 0.504257 9 48 45 176 5.0625
114.4871155_30.49116899_90_0.txt 4 0.396624 49 54 93 191 13.3125
114.4871155_30.49116899_90_0.txt 4 0.231741 204 0 385 255 100.21875
114.4871258_30.4921333_0_0.txt
114.4871258_30.4921333_180_0.txt
114.4871258_30.4921333_270_0.txt
114.4871258_30.4921333_90_0.txt
114.4871375_30.49223706_0_0.txt
114.4871375_30.49223706_180_0.txt
114.4871375_30.49223706_270_0.txt
114.4871375_30.49223706_90_0.txt
114.4871378_30.4880393_0_0.txt
114.4871378_30.4880393_180_0.txt 3 0.188600 42 115 59 172 99.46875
114.4871378_30.4880393_270_0.txt
114.4871378_30.4880393_90_0.txt 4 0.441598 369 128 381 174 115.3125
114.4871378_30.4880393_90_0.txt 2 0.438194 183 145 204 181 36.28125
114.4871378_30.4880393_90_0.txt 4 0.354460 404 128 419 172 122.15625
114.4871378_30.4880393_90_0.txt 4 0.198457 296 127 308 175 101.625
114.4871378_30.4880393_90_0.txt 4 0.181484 336 123 350 173 109.3125
114.4871395_30.49790258_0_0.txt
114.4871395_30.49790258_180_0.txt 4 0.382297 58 90 91 200 103.96875
114.4871395_30.49790258_270_0.txt
114.4871395_30.49790258_90_0.txt
114.4871413_30.49240067_0_0.txt
114.4871413_30.49240067_180_0.txt
114.4871413_30.49240067_270_0.txt
114.4871413_30.49240067_90_0.txt 4 0.415207 313 14 361 165 108.1875
114.4871491_30.49126788_0_0.txt 4 0.446818 409 21 478 183 38.15625
114.4871491_30.49126788_180_0.txt 4 0.601073 150 17 251 197 127.59375
114.4871491_30.49126788_180_0.txt 0 0.289624 148 17 254 197 127.6875
114.4871491_30.49126788_270_0.txt 2 0.241283 77 134 99 172 196.5
114.4871491_30.49126788_90_0.txt 4 0.749519 81 39 137 184 20.4375
114.4871491_30.49126788_90_0.txt 4 0.657178 161 26 236 209 37.21875
114.4871491_30.49126788_90_0.txt 4 0.191025 193 33 237 208 40.3125
114.4871493_30.49234081_0_0.txt
114.4871493_30.49234081_180_0.txt
114.4871493_30.49234081_270_0.txt
114.4871493_30.49234081_90_0.txt
114.487161_30.48793748_0_0.txt
114.487161_30.48793748_180_0.txt 4 0.520354 418 106 447 174 216.09375
114.487161_30.48793748_180_0.txt 3 0.349064 77 59 130 188 109.40625
114.487161_30.48793748_180_0.txt 4 0.234487 10 67 52 181 95.8125
114.487161_30.48793748_180_0.txt 9 0.219419 363 115 381 173 204.75
114.487161_30.48793748_270_0.txt 4 0.430777 99 115 117 172 200.25
114.487161_30.48793748_90_0.txt 4 0.566074 398 45 477 196 127.03125
114.487161_30.49244457_0_0.txt
114.487161_30.49244457_180_0.txt
114.487161_30.49244457_270_0.txt
114.487161_30.49244457_90_0.txt 4 0.415207 313 14 361 165 108.1875
114.4871638_30.49222768_0_0.txt
114.4871638_30.49222768_180_0.txt
114.4871638_30.49222768_270_0.txt
114.4871638_30.49222768_90_0.txt
114.4871638_30.4923321_0_0.txt
114.4871638_30.4923321_180_0.txt
114.4871638_30.4923321_270_0.txt
114.4871638_30.4923321_90_0.txt
114.4871638_30.49243652_0_0.txt
114.4871638_30.49243652_180_0.txt
114.4871638_30.49243652_270_0.txt
114.4871638_30.49243652_90_0.txt 4 0.415207 313 14 361 165 108.1875
114.4871655_30.49212341_0_0.txt
114.4871655_30.49212341_180_0.txt
114.4871655_30.49212341_270_0.txt
114.4871655_30.49212341_90_0.txt
114.487173_30.49780371_0_0.txt
114.487173_30.49780371_180_0.txt
114.487173_30.49780371_270_0.txt 4 0.185173 44 132 56 182 189.375
114.487173_30.49780371_90_0.txt 5 0.404232 105 15 165 221 25.3125
114.487173_30.49780371_90_0.txt 1 0.355953 309 67 363 205 108.0
114.4871758_30.49254793_0_0.txt 4 0.336855 375 127 393 189 27.0
114.4871758_30.49254793_180_0.txt 4 0.392423 113 89 143 158 114.0
114.4871758_30.49254793_270_0.txt
114.4871758_30.49254793_90_0.txt
114.4871842_30.48783566_0_0.txt 4 0.210012 4 69 36 181 273.75
114.4871842_30.48783566_0_0.txt 4 0.208798 405 118 442 188 34.40625
114.4871842_30.48783566_180_0.txt 4 0.416646 351 57 400 209 205.40625
114.4871842_30.48783566_180_0.txt 4 0.297347 270 127 292 172 187.6875
114.4871842_30.48783566_270_0.txt 3 0.619390 22 27 75 211 189.09375
114.4871842_30.48783566_90_0.txt 3 0.320393 283 121 308 179 100.40625
114.4871842_30.48783566_90_0.txt 3 0.201027 221 116 247 182 43.875
114.4871915_30.49265116_0_0.txt 4 0.488581 408 93 440 197 34.5
114.4871915_30.49265116_180_0.txt
114.4871915_30.49265116_270_0.txt
114.4871915_30.49265116_90_0.txt 2 0.252633 241 107 274 184 93.28125
114.4871921_30.4920256_0_0.txt
114.4871921_30.4920256_180_0.txt 4 0.394685 304 97 324 155 193.875
114.4871921_30.4920256_270_0.txt
114.4871921_30.4920256_90_0.txt
114.4872066_30.49770484_0_0.txt 1 0.277342 374 31 470 246 34.125
114.4872066_30.49770484_180_0.txt
114.4872066_30.49770484_270_0.txt 4 0.322670 197 135 212 181 218.34375
114.4872066_30.49770484_270_0.txt 4 0.272204 196 133 213 164 218.34375
114.4872066_30.49770484_270_0.txt 4 0.180044 171 145 184 184 213.28125
114.4872066_30.49770484_90_0.txt
114.4872072_30.49275439_0_0.txt 4 0.613518 347 72 397 202 24.75
114.4872072_30.49275439_180_0.txt
114.4872072_30.49275439_270_0.txt
114.4872072_30.49275439_90_0.txt 0 0.307823 1 37 87 209 8.25
114.4872072_30.49275439_90_0.txt 4 0.194489 168 74 208 192 35.25
114.4872074_30.48773385_0_0.txt 4 0.536610 0 82 32 175 273.0
114.4872074_30.48773385_0_0.txt 4 0.403661 68 64 104 155 286.125
114.4872074_30.48773385_180_0.txt
114.4872074_30.48773385_270_0.txt 4 0.494917 384 63 431 175 301.40625
114.4872074_30.48773385_270_0.txt 4 0.453335 59 45 107 194 195.5625
114.4872074_30.48773385_270_0.txt 4 0.420045 311 52 362 185 288.09375
114.4872074_30.48773385_270_0.txt 3 0.223910 204 57 245 207 222.09375
114.4872074_30.48773385_90_0.txt
114.487209_30.49175453_0_0.txt
114.487209_30.49175453_180_0.txt 4 0.412141 150 119 169 161 119.90625
114.487209_30.49175453_270_0.txt
114.487209_30.49175453_90_0.txt
114.4872229_30.49285763_0_0.txt 0 0.186472 3 82 53 199 275.25
114.4872229_30.49285763_180_0.txt 0 0.306938 72 3 161 211 111.84375
114.4872229_30.49285763_270_0.txt
114.4872229_30.49285763_90_0.txt 0 0.402296 160 79 236 218 37.125
114.4872305_30.48763203_0_0.txt
114.4872305_30.48763203_180_0.txt
114.4872305_30.48763203_270_0.txt
114.4872305_30.48763203_90_0.txt 4 0.426561 343 124 362 164 111.09375
114.4872386_30.49296086_0_0.txt 4 0.259687 85 8 135 172 290.625
114.4872386_30.49296086_0_0.txt 4 0.193073 0 0 41 129 273.84375
114.4872386_30.49296086_180_0.txt 7 0.597681 353 12 405 211 206.0625
114.4872386_30.49296086_180_0.txt 7 0.486545 316 75 349 183 197.34375
114.4872386_30.49296086_180_0.txt 9 0.198608 106 121 129 185 112.03125
114.4872386_30.49296086_270_0.txt
114.4872386_30.49296086_90_0.txt
114.4872402_30.49760597_0_0.txt
114.4872402_30.49760597_180_0.txt
114.4872402_30.49760597_270_0.txt 4 0.351647 278 138 289 180 278.15625
114.4872402_30.49760597_270_0.txt 4 0.266739 33 124 48 170 187.59375
114.4872402_30.49760597_270_0.txt 4 0.237565 275 139 287 179 277.6875
114.4872402_30.49760597_90_0.txt 0 0.309211 143 38 216 230 33.65625
114.4872402_30.49760597_90_0.txt 0 0.230573 224 111 315 235 95.53125
114.4872402_30.49760597_90_0.txt 0 0.230058 378 89 438 226 121.5
114.4872544_30.48753038_0_0.txt
114.4872544_30.48753038_180_0.txt
114.4872544_30.48753038_270_0.txt
114.4872544_30.48753038_90_0.txt
114.4872544_30.49306409_0_0.txt 7 0.491071 362 3 443 229 30.46875
114.4872544_30.49306409_0_0.txt 4 0.443149 292 117 310 180 11.4375
114.4872544_30.49306409_0_0.txt 3 0.180990 452 1 479 245 42.28125
114.4872544_30.49306409_180_0.txt 4 0.213160 466 62 479 159 223.59375
114.4872544_30.49306409_180_0.txt 4 0.199164 420 93 445 169 216.09375
114.4872544_30.49306409_180_0.txt 4 0.181621 377 107 398 164 207.65625
114.4872544_30.49306409_270_0.txt
114.4872544_30.49306409_90_0.txt 0 0.277017 388 30 479 216 126.28125
114.4872544_30.49306409_90_0.txt 4 0.274369 216 0 292 210 92.625
114.4872544_30.49306409_90_0.txt 4 0.232916 35 0 162 236 18.46875
114.4872701_30.49316733_0_0.txt 4 0.289260 341 4 408 269 25.21875
114.4872701_30.49316733_0_0.txt 4 0.217426 454 43 480 275 42.5625
114.4872701_30.49316733_180_0.txt 7 0.464040 127 2 184 195 119.15625
114.4872701_30.49316733_180_0.txt 7 0.367708 198 52 228 163 129.9375
114.4872701_30.49316733_180_0.txt 4 0.292235 463 79 480 149 223.40625
114.4872701_30.49316733_180_0.txt 4 0.237345 423 89 448 158 216.65625
114.4872701_30.49316733_270_0.txt
114.4872701_30.49316733_90_0.txt 4 0.666096 198 0 295 212 91.21875
114.4872701_30.49316733_90_0.txt 7 0.188025 203 0 295 211 91.6875
114.4872738_30.4975071_0_0.txt 6 0.464438 0 35 32 230 273.0
114.4872738_30.4975071_180_0.txt 4 0.251668 331 54 376 222 201.28125
114.4872738_30.4975071_180_0.txt 6 0.243205 392 13 442 268 213.1875
114.4872738_30.4975071_270_0.txt 6 0.554457 0 11 51 214 184.78125
114.4872738_30.4975071_270_0.txt 6 0.551437 71 18 122 255 198.09375
114.4872738_30.4975071_270_0.txt 3 0.192248 151 27 223 245 215.0625
114.4872738_30.4975071_90_0.txt 2 0.424830 320 111 337 165 106.59375
114.4872795_30.48742903_0_0.txt
114.4872795_30.48742903_180_0.txt 4 0.190499 271 81 295 185 188.0625
114.4872795_30.48742903_270_0.txt 2 0.303331 264 106 292 169 277.125
114.4872795_30.48742903_90_0.txt
114.4872858_30.49327056_0_0.txt
114.4872858_30.49327056_180_0.txt 3 0.369124 189 44 217 176 128.0625
114.4872858_30.49327056_180_0.txt 4 0.186837 186 43 219 176 127.96875
114.4872858_30.49327056_270_0.txt
114.4872858_30.49327056_90_0.txt 4 0.426125 129 2 184 220 29.34375
114.4872858_30.49327056_90_0.txt 4 0.310082 224 77 259 145 90.28125
114.4873015_30.49337379_0_0.txt
114.4873015_30.49337379_180_0.txt 4 0.488784 147 6 187 177 121.3125
114.4873015_30.49337379_270_0.txt
114.4873015_30.49337379_90_0.txt 2 0.568912 357 53 390 173 115.03125
114.4873047_30.48732767_0_0.txt 4 0.640731 384 105 415 178 29.90625
114.4873047_30.48732767_0_0.txt 3 0.471422 0 14 31 187 272.90625
114.4873047_30.48732767_0_0.txt 4 0.264900 348 107 367 170 22.03125
114.4873047_30.48732767_0_0.txt 4 0.229051 348 108 365 145 21.84375
114.4873047_30.48732767_180_0.txt
114.4873047_30.48732767_270_0.txt 3 0.733159 231 35 272 194 272.15625
114.4873047_30.48732767_270_0.txt 3 0.317808 331 63 362 192 289.96875
114.4873047_30.48732767_90_0.txt 4 0.513072 62 98 95 173 14.71875
114.4873047_30.48732767_90_0.txt 4 0.396992 0 79 37 172 3.46875
114.4873074_30.49740823_0_0.txt 4 0.184120 311 91 337 197 15.75
114.4873074_30.49740823_180_0.txt 0 0.240881 0 74 59 216 95.53125
114.4873074_30.49740823_180_0.txt 4 0.211938 368 128 398 179 206.8125
114.4873074_30.49740823_270_0.txt 4 0.405777 144 127 162 178 208.6875
114.4873074_30.49740823_270_0.txt 4 0.376271 39 123 75 178 190.6875
114.4873074_30.49740823_270_0.txt 4 0.235973 251 132 258 162 272.71875
114.4873074_30.49740823_270_0.txt 4 0.235877 219 134 229 173 222.0
114.4873074_30.49740823_90_0.txt 5 0.222463 436 91 467 183 129.65625
114.4873172_30.49347702_0_0.txt 4 0.449611 400 45 478 225 37.3125
114.4873172_30.49347702_0_0.txt 4 0.220766 417 50 472 222 38.34375
114.4873172_30.49347702_180_0.txt 4 0.282478 0 5 35 167 93.28125
114.4873172_30.49347702_180_0.txt 2 0.207716 204 71 224 182 130.125
114.4873172_30.49347702_270_0.txt
114.4873172_30.49347702_90_0.txt 4 0.735458 377 6 479 258 125.25
114.4873298_30.48722632_0_0.txt 4 0.640731 384 105 415 178 29.90625
114.4873298_30.48722632_0_0.txt 3 0.471422 0 14 31 187 272.90625
114.4873298_30.48722632_0_0.txt 4 0.264900 348 107 367 170 22.03125
114.4873298_30.48722632_0_0.txt 4 0.229051 348 108 365 145 21.84375
114.4873298_30.48722632_180_0.txt
114.4873298_30.48722632_270_0.txt 3 0.733159 231 35 272 194 272.15625
114.4873298_30.48722632_270_0.txt 3 0.317808 331 63 362 192 289.96875
114.4873298_30.48722632_90_0.txt 4 0.513072 62 98 95 173 14.71875
114.4873298_30.48722632_90_0.txt 4 0.396992 0 79 37 172 3.46875
114.4873329_30.49358026_0_0.txt 4 0.468628 447 104 473 147 41.25
114.4873329_30.49358026_180_0.txt 4 0.647687 39 60 86 194 101.71875
114.4873329_30.49358026_180_0.txt 4 0.200870 401 59 423 165 212.25
114.4873329_30.49358026_270_0.txt
114.4873329_30.49358026_90_0.txt 4 0.642392 366 56 433 189 119.90625
114.4873329_30.49358026_90_0.txt 4 0.333021 186 125 209 158 37.03125
114.4873329_30.49358026_90_0.txt 4 0.278883 148 116 172 158 30.0
114.4873329_30.49358026_90_0.txt 4 0.228180 91 128 105 157 18.375
114.487341_30.49730936_0_0.txt
114.487341_30.49730936_180_0.txt 4 0.556391 406 122 435 182 213.84375
114.487341_30.49730936_270_0.txt 4 0.510809 87 126 107 178 198.1875
114.487341_30.49730936_270_0.txt 4 0.355623 164 127 184 177 212.625
114.487341_30.49730936_90_0.txt
114.4873486_30.49368349_0_0.txt
114.4873486_30.49368349_180_0.txt 4 0.458601 0 112 28 189 92.625
114.4873486_30.49368349_270_0.txt 4 0.530165 261 104 283 145 276.0
114.4873486_30.49368349_270_0.txt 4 0.447511 183 120 204 150 216.28125
114.4873486_30.49368349_270_0.txt 4 0.438848 261 104 285 161 276.1875
114.4873486_30.49368349_90_0.txt 4 0.424175 231 134 252 196 90.28125
114.4873549_30.48712497_0_0.txt
114.4873549_30.48712497_180_0.txt
114.4873549_30.48712497_270_0.txt 4 0.252919 105 123 135 184 202.5
114.4873549_30.48712497_90_0.txt
114.4873643_30.49378672_0_0.txt
114.4873643_30.49378672_180_0.txt 4 0.403347 0 108 30 185 92.8125
114.4873643_30.49378672_180_0.txt 4 0.321105 462 98 480 160 223.3125
114.4873643_30.49378672_180_0.txt 4 0.272680 44 67 75 147 101.15625
114.4873643_30.49378672_180_0.txt 4 0.228360 459 99 480 144 223.03125
114.4873643_30.49378672_180_0.txt 4 0.193674 391 127 411 151 210.1875
114.4873643_30.49378672_270_0.txt 4 0.244832 71 126 88 151 194.90625
114.4873643_30.49378672_270_0.txt 4 0.230140 123 112 146 148 205.21875
114.4873643_30.49378672_90_0.txt
114.4873678_30.49720883_0_0.txt 1 0.187040 426 63 480 244 39.9375
114.4873678_30.49720883_180_0.txt 1 0.258354 29 63 68 212 99.09375
114.4873678_30.49720883_180_0.txt 3 0.182202 29 66 66 213 98.90625
114.4873678_30.49720883_270_0.txt 4 0.334413 243 131 258 172 271.96875
114.4873678_30.49720883_270_0.txt 4 0.221642 194 129 206 172 217.5
114.4873678_30.49720883_90_0.txt
114.4873801_30.48702362_0_0.txt
114.4873801_30.48702362_180_0.txt
114.4873801_30.48702362_270_0.txt
114.4873801_30.48702362_90_0.txt
114.4873838_30.49710563_0_0.txt
114.4873838_30.49710563_180_0.txt
114.4873838_30.49710563_270_0.txt 4 0.256046 209 59 261 250 224.0625
114.4873838_30.49710563_90_0.txt 4 0.222965 65 121 82 176 13.78125
114.48738_30.49388996_0_0.txt 4 0.206554 394 127 416 195 30.9375
114.48738_30.49388996_180_0.txt
114.48738_30.49388996_270_0.txt
114.48738_30.49388996_90_0.txt
114.4873957_30.49399319_0_0.txt
114.4873957_30.49399319_180_0.txt 3 0.286537 34 76 71 209 99.84375
114.4873957_30.49399319_270_0.txt
114.4873957_30.49399319_90_0.txt 3 0.294715 420 109 447 209 126.28125
114.4873957_30.49399319_90_0.txt 4 0.180794 222 132 241 200 43.40625
114.4873997_30.49700243_0_0.txt 4 0.533080 409 81 454 241 35.90625
114.4873997_30.49700243_0_0.txt 0 0.287457 405 80 457 246 35.8125
114.4873997_30.49700243_0_0.txt 4 0.184610 461 75 480 238 43.21875
114.4873997_30.49700243_180_0.txt 4 0.279497 133 110 152 142 116.71875
114.4873997_30.49700243_180_0.txt 4 0.236519 134 111 151 156 116.71875
114.4873997_30.49700243_270_0.txt 4 0.282889 53 105 72 141 191.71875
114.4873997_30.49700243_270_0.txt 4 0.242685 229 145 239 184 223.875
114.4873997_30.49700243_270_0.txt 4 0.230372 263 141 274 186 275.34375
114.4873997_30.49700243_90_0.txt
114.4874094_30.4869235_0_0.txt
114.4874094_30.4869235_180_0.txt
114.4874094_30.4869235_270_0.txt
114.4874094_30.4869235_90_0.txt
114.4874115_30.49409642_0_0.txt
114.4874115_30.49409642_180_0.txt
114.4874115_30.49409642_270_0.txt
114.4874115_30.49409642_90_0.txt
114.4874156_30.49689923_0_0.txt
114.4874156_30.49689923_180_0.txt 4 0.395876 458 98 480 183 222.9375
114.4874156_30.49689923_180_0.txt 4 0.207374 90 106 117 193 109.40625
114.4874156_30.49689923_270_0.txt 4 0.259887 127 109 158 171 206.71875
114.4874156_30.49689923_90_0.txt 4 0.501750 95 21 172 228 25.03125
114.4874156_30.49689923_90_0.txt 4 0.314364 295 66 341 204 104.625
114.4874272_30.49419966_0_0.txt
114.4874272_30.49419966_180_0.txt
114.4874272_30.49419966_270_0.txt
114.4874272_30.49419966_90_0.txt 4 0.240331 435 118 458 155 128.71875
114.4874272_30.49419966_90_0.txt 4 0.235108 256 117 280 173 95.25
114.4874315_30.49679603_0_0.txt
114.4874315_30.49679603_180_0.txt
114.4874315_30.49679603_270_0.txt
114.4874315_30.49679603_90_0.txt
114.4874428_30.48682454_0_0.txt
114.4874428_30.48682454_180_0.txt
114.4874428_30.48682454_270_0.txt
114.4874428_30.48682454_90_0.txt
114.4874429_30.49430289_0_0.txt
114.4874429_30.49430289_180_0.txt 4 0.429739 115 117 137 178 113.625
114.4874429_30.49430289_270_0.txt
114.4874429_30.49430289_90_0.txt 5 0.237383 107 118 128 193 22.03125
114.4874475_30.49669283_0_0.txt
114.4874475_30.49669283_180_0.txt
114.4874475_30.49669283_270_0.txt
114.4874475_30.49669283_90_0.txt
114.4874586_30.49440612_0_0.txt
114.4874586_30.49440612_180_0.txt 4 0.618757 305 57 348 204 196.21875
114.4874586_30.49440612_270_0.txt 0 0.491234 99 31 235 232 211.3125
114.4874586_30.49440612_270_0.txt 5 0.468323 333 0 479 234 301.125
114.4874586_30.49440612_270_0.txt 4 0.207353 0 3 27 189 182.53125
114.4874586_30.49440612_270_0.txt 0 0.207091 133 34 228 230 213.84375
114.4874586_30.49440612_90_0.txt
114.4874634_30.49658963_0_0.txt
114.4874634_30.49658963_180_0.txt
114.4874634_30.49658963_270_0.txt
114.4874634_30.49658963_90_0.txt
114.4874743_30.49450935_0_0.txt
114.4874743_30.49450935_180_0.txt
114.4874743_30.49450935_270_0.txt
114.4874743_30.49450935_90_0.txt
114.4874761_30.48672559_0_0.txt
114.4874761_30.48672559_180_0.txt
114.4874761_30.48672559_270_0.txt
114.4874761_30.48672559_90_0.txt
114.4874793_30.49648643_0_0.txt
114.4874793_30.49648643_180_0.txt
114.4874793_30.49648643_270_0.txt
114.4874793_30.49648643_90_0.txt
114.4874953_30.49638323_0_0.txt
114.4874953_30.49638323_180_0.txt
114.4874953_30.49638323_270_0.txt 2 0.212120 405 127 417 163 302.0625
114.4874953_30.49638323_90_0.txt
114.4874989_30.49471661_0_0.txt
114.4874989_30.49471661_180_0.txt
114.4874989_30.49471661_270_0.txt
114.4874989_30.49471661_90_0.txt
114.48749_30.49461259_0_0.txt
114.48749_30.49461259_180_0.txt
114.48749_30.49461259_270_0.txt 4 0.211410 443 114 469 168 310.5
114.48749_30.49461259_90_0.txt
114.4875072_30.4948207_0_0.txt
114.4875072_30.4948207_180_0.txt
114.4875072_30.4948207_270_0.txt 4 0.197520 73 140 91 173 195.375
114.4875072_30.4948207_90_0.txt
114.4875094_30.48662663_0_0.txt
114.4875094_30.48662663_180_0.txt
114.4875094_30.48662663_270_0.txt
114.4875094_30.48662663_90_0.txt
114.4875112_30.49628003_0_0.txt 1 0.191532 185 149 254 261 311.15625
114.4875112_30.49628003_180_0.txt
114.4875112_30.49628003_270_0.txt
114.4875112_30.49628003_90_0.txt
114.4875155_30.49492479_0_0.txt
114.4875155_30.49492479_180_0.txt 4 0.222184 435 65 474 161 220.21875
114.4875155_30.49492479_270_0.txt
114.4875155_30.49492479_90_0.txt
114.4875212_30.49617623_0_0.txt
114.4875212_30.49617623_180_0.txt
114.4875212_30.49617623_270_0.txt
114.4875212_30.49617623_90_0.txt
114.4875239_30.49502888_0_0.txt
114.4875239_30.49502888_180_0.txt
114.4875239_30.49502888_270_0.txt
114.4875239_30.49502888_90_0.txt
114.4875264_30.49607194_0_0.txt
114.4875264_30.49607194_180_0.txt
114.4875264_30.49607194_270_0.txt
114.4875264_30.49607194_90_0.txt
114.4875316_30.49596765_0_0.txt
114.4875316_30.49596765_180_0.txt 3 0.428598 54 101 84 184 102.9375
114.4875316_30.49596765_270_0.txt
114.4875316_30.49596765_90_0.txt 4 0.200718 379 109 403 144 118.3125
114.4875322_30.49513296_0_0.txt
114.4875322_30.49513296_180_0.txt
114.4875322_30.49513296_270_0.txt
114.4875322_30.49513296_90_0.txt
114.4875368_30.49586335_0_0.txt
114.4875368_30.49586335_180_0.txt
114.4875368_30.49586335_270_0.txt
114.4875368_30.49586335_90_0.txt
114.4875405_30.49523705_0_0.txt
114.4875405_30.49523705_180_0.txt
114.4875405_30.49523705_270_0.txt
114.4875405_30.49523705_90_0.txt
114.4875419_30.49534144_0_0.txt
114.4875419_30.49534144_180_0.txt 4 0.262241 54 109 68 170 101.4375
114.4875419_30.49534144_180_0.txt 4 0.208735 33 103 46 142 97.40625
114.4875419_30.49534144_270_0.txt
114.4875419_30.49534144_90_0.txt
114.4875426_30.49544586_0_0.txt
114.4875426_30.49544586_180_0.txt 4 0.199548 85 122 109 194 108.1875
114.4875426_30.49544586_270_0.txt
114.4875426_30.49544586_90_0.txt 4 0.317082 264 131 277 169 95.71875
114.4875426_30.49544586_90_0.txt 4 0.273978 411 112 438 197 124.59375
114.4875426_30.49544586_90_0.txt 4 0.261211 230 130 243 170 44.34375
114.4875428_30.48652768_0_0.txt
114.4875428_30.48652768_180_0.txt
114.4875428_30.48652768_270_0.txt
114.4875428_30.48652768_90_0.txt
114.487542_30.49575906_0_0.txt
114.487542_30.49575906_180_0.txt
114.487542_30.49575906_270_0.txt
114.487542_30.49575906_90_0.txt
114.4875433_30.49555028_0_0.txt
114.4875433_30.49555028_180_0.txt
114.4875433_30.49555028_270_0.txt
114.4875433_30.49555028_90_0.txt
114.4875439_30.4956547_0_0.txt
114.4875439_30.4956547_180_0.txt
114.4875439_30.4956547_270_0.txt
114.4875439_30.4956547_90_0.txt
114.4875762_30.48642874_0_0.txt 3 0.671019 326 54 353 136 18.65625
114.4875762_30.48642874_180_0.txt
114.4875762_30.48642874_270_0.txt
114.4875762_30.48642874_90_0.txt
114.4876141_30.48633146_0_0.txt 3 0.381098 290 79 315 142 11.71875
114.4876141_30.48633146_180_0.txt 3 0.193312 387 179 440 319 212.53125
114.4876141_30.48633146_270_0.txt 3 0.401480 203 171 249 320 222.375
114.4876141_30.48633146_270_0.txt 3 0.292347 0 186 19 320 181.78125
114.4876141_30.48633146_90_0.txt
114.4876521_30.48623417_0_0.txt
114.4876521_30.48623417_180_0.txt
114.4876521_30.48623417_270_0.txt
114.4876521_30.48623417_90_0.txt
114.48769_30.48613688_0_0.txt
114.48769_30.48613688_180_0.txt 0 0.340821 43 95 84 172 101.90625
114.48769_30.48613688_180_0.txt 4 0.185741 42 95 82 172 101.625
114.48769_30.48613688_270_0.txt
114.48769_30.48613688_90_0.txt 3 0.180752 369 89 404 160 117.46875
114.4877279_30.48603959_0_0.txt 4 0.557829 384 40 438 132 32.0625
114.4877279_30.48603959_0_0.txt 0 0.289915 385 35 441 134 32.4375
114.4877279_30.48603959_180_0.txt 3 0.326531 26 73 65 164 98.53125
114.4877279_30.48603959_270_0.txt 3 0.186060 138 228 181 320 209.90625
114.4877279_30.48603959_90_0.txt 3 0.303407 189 40 246 154 40.78125
114.4877279_30.48603959_90_0.txt 4 0.200211 57 47 110 143 15.65625
114.4877659_30.48594231_0_0.txt 3 0.651549 273 78 305 144 9.1875
114.4877659_30.48594231_0_0.txt 0 0.184574 340 17 402 136 24.5625
114.4877659_30.48594231_180_0.txt
114.4877659_30.48594231_270_0.txt
114.4877659_30.48594231_90_0.txt 0 0.475809 5 16 82 137 8.15625
114.4878038_30.48584502_0_0.txt
114.4878038_30.48584502_180_0.txt
114.4878038_30.48584502_270_0.txt
114.4878038_30.48584502_90_0.txt
114.4878402_30.48574716_0_0.txt
114.4878402_30.48574716_180_0.txt
114.4878402_30.48574716_270_0.txt
114.4878402_30.48574716_90_0.txt
114.4878753_30.48564881_0_0.txt 4 0.467681 332 58 376 140 21.375
114.4878753_30.48564881_0_0.txt 0 0.245028 332 55 376 141 21.375
114.4878753_30.48564881_180_0.txt 0 0.225933 0 62 43 212 94.03125
114.4878753_30.48564881_270_0.txt
114.4878753_30.48564881_90_0.txt 1 0.497374 392 84 433 164 122.34375
114.4878753_30.48564881_90_0.txt 4 0.273152 0 42 50 139 4.6875
114.4878753_30.48564881_90_0.txt 0 0.225013 0 40 59 138 5.53125
114.4879104_30.48555046_0_0.txt 3 0.372826 283 80 301 143 9.75
114.4879104_30.48555046_0_0.txt 0 0.290337 307 22 356 141 17.15625
114.4879104_30.48555046_0_0.txt 3 0.226692 288 83 302 141 10.3125
114.4879104_30.48555046_180_0.txt
114.4879104_30.48555046_270_0.txt
114.4879104_30.48555046_90_0.txt
114.4879455_30.48545211_0_0.txt 3 0.562026 266 89 288 145 6.9375
114.4879455_30.48545211_0_0.txt 0 0.361176 424 40 480 237 39.75
114.4879455_30.48545211_180_0.txt
114.4879455_30.48545211_270_0.txt
114.4879455_30.48545211_90_0.txt
114.4879805_30.48535376_0_0.txt 0 0.190030 355 31 458 170 31.21875
114.4879805_30.48535376_180_0.txt
114.4879805_30.48535376_270_0.txt
114.4879805_30.48535376_90_0.txt
114.4880156_30.48525541_0_0.txt
114.4880156_30.48525541_180_0.txt
114.4880156_30.48525541_270_0.txt 3 0.569768 26 50 60 186 188.0625
114.4880156_30.48525541_270_0.txt 4 0.262155 122 108 145 185 205.03125
114.4880156_30.48525541_270_0.txt 2 0.241644 264 116 292 182 277.125
114.4880156_30.48525541_90_0.txt
114.4880496_30.48515666_0_0.txt
114.4880496_30.48515666_180_0.txt
114.4880496_30.48515666_270_0.txt
114.4880496_30.48515666_90_0.txt 4 0.181779 0 84 7 127 0.65625
114.4880834_30.48505787_0_0.txt 0 0.246297 419 41 463 132 37.6875
114.4880834_30.48505787_180_0.txt
114.4880834_30.48505787_270_0.txt
114.4880834_30.48505787_90_0.txt
114.4881172_30.48495908_0_0.txt
114.4881172_30.48495908_180_0.txt
114.4881172_30.48495908_270_0.txt
114.4881172_30.48495908_90_0.txt
114.4881511_30.4848603_0_0.txt
114.4881511_30.4848603_180_0.txt 4 0.301559 97 127 114 172 109.78125
114.4881511_30.4848603_270_0.txt
114.4881511_30.4848603_90_0.txt 4 0.277431 319 109 340 156 106.78125
114.4881511_30.4848603_90_0.txt 4 0.262854 418 109 438 158 125.25
114.4881849_30.48476151_0_0.txt 0 0.403455 345 42 392 137 24.09375
114.4881849_30.48476151_0_0.txt 4 0.230788 346 46 390 134 24.0
114.4881849_30.48476151_180_0.txt 4 0.623698 0 83 31 171 92.90625
114.4881849_30.48476151_180_0.txt 4 0.375616 42 105 74 169 100.875
114.4881849_30.48476151_270_0.txt
114.4881849_30.48476151_90_0.txt 4 0.596453 10 38 57 140 6.28125
114.4881849_30.48476151_90_0.txt 0 0.480022 2 34 71 140 6.84375
114.4882188_30.48466273_0_0.txt
114.4882188_30.48466273_180_0.txt
114.4882188_30.48466273_270_0.txt
114.4882188_30.48466273_90_0.txt
114.4882526_30.48456394_0_0.txt 3 0.306683 284 87 300 143 9.75
114.4882526_30.48456394_0_0.txt 3 0.215943 286 86 302 141 10.125
114.4882526_30.48456394_180_0.txt
114.4882526_30.48456394_270_0.txt
114.4882526_30.48456394_90_0.txt
114.4882864_30.48446515_0_0.txt
114.4882864_30.48446515_180_0.txt 3 0.233538 95 100 117 174 109.875
114.4882864_30.48446515_180_0.txt 4 0.223197 44 75 88 174 102.375
114.4882864_30.48446515_180_0.txt 0 0.195300 43 74 89 174 102.375
114.4882864_30.48446515_270_0.txt
114.4882864_30.48446515_90_0.txt 3 0.254013 314 83 352 160 107.4375
114.4882864_30.48446515_90_0.txt 3 0.194850 369 65 412 164 118.21875
114.4882864_30.48446515_90_0.txt 3 0.190479 417 85 445 161 125.8125
114.4883203_30.48436637_0_0.txt 0 0.205268 344 45 386 137 23.4375
114.4883203_30.48436637_180_0.txt
114.4883203_30.48436637_270_0.txt
114.4883203_30.48436637_90_0.txt 3 0.566491 248 31 295 158 95.90625
114.4883203_30.48436637_90_0.txt 3 0.358914 141 45 202 152 32.15625
114.4883203_30.48436637_90_0.txt 4 0.225969 20 33 58 140 7.3125
114.4883497_30.48426617_0_0.txt 3 0.356294 284 87 309 148 10.59375
114.4883497_30.48426617_180_0.txt
114.4883497_30.48426617_270_0.txt
114.4883497_30.48426617_90_0.txt 3 0.449714 36 1 94 141 12.1875
114.4883787_30.48416587_0_0.txt
114.4883787_30.48416587_180_0.txt
114.4883787_30.48416587_270_0.txt
114.4883787_30.48416587_90_0.txt
114.4884078_30.48406558_0_0.txt
114.4884078_30.48406558_180_0.txt
114.4884078_30.48406558_270_0.txt
114.4884078_30.48406558_90_0.txt
114.4884368_30.48396528_0_0.txt
114.4884368_30.48396528_180_0.txt
114.4884368_30.48396528_270_0.txt
114.4884368_30.48396528_90_0.txt
114.4884659_30.48386499_0_0.txt
114.4884659_30.48386499_180_0.txt
114.4884659_30.48386499_270_0.txt
114.4884659_30.48386499_90_0.txt
114.488495_30.48376469_0_0.txt
114.488495_30.48376469_180_0.txt
114.488495_30.48376469_270_0.txt
114.488495_30.48376469_90_0.txt
114.488524_30.48366439_0_0.txt
114.488524_30.48366439_180_0.txt
114.488524_30.48366439_270_0.txt
114.488524_30.48366439_90_0.txt
114.4885531_30.4835641_0_0.txt
114.4885531_30.4835641_180_0.txt
114.4885531_30.4835641_270_0.txt
114.4885531_30.4835641_90_0.txt
114.4885821_30.4834638_0_0.txt 4 0.187534 0 42 38 189 273.5625
114.4885821_30.4834638_180_0.txt
114.4885821_30.4834638_270_0.txt 4 0.463778 284 90 315 182 281.15625
114.4885821_30.4834638_270_0.txt 4 0.429644 341 82 374 179 292.03125
114.4885821_30.4834638_90_0.txt 3 0.474918 32 79 62 168 8.8125
114.4885821_30.4834638_90_0.txt 3 0.287434 150 89 174 172 30.375
114.4886112_30.4833635_0_0.txt 4 0.187534 0 42 38 189 273.5625
114.4886112_30.4833635_180_0.txt
114.4886112_30.4833635_270_0.txt 4 0.463778 284 90 315 182 281.15625
114.4886112_30.4833635_270_0.txt 4 0.429644 341 82 374 179 292.03125
114.4886112_30.4833635_90_0.txt 3 0.474918 32 79 62 168 8.8125
114.4886112_30.4833635_90_0.txt 3 0.287434 150 89 174 172 30.375
114.4886403_30.48326321_0_0.txt
114.4886403_30.48326321_180_0.txt 4 0.515662 1 60 26 163 92.53125
114.4886403_30.48326321_270_0.txt
114.4886403_30.48326321_90_0.txt 4 0.318363 348 86 363 157 111.65625
114.4886693_30.48316291_0_0.txt
114.4886693_30.48316291_180_0.txt 3 0.284735 302 57 333 171 194.53125
114.4886693_30.48316291_270_0.txt
114.4886693_30.48316291_90_0.txt
114.4886984_30.48306261_0_0.txt
114.4886984_30.48306261_180_0.txt 4 0.386049 403 53 443 171 214.3125
114.4886984_30.48306261_180_0.txt 4 0.225280 116 112 131 157 113.15625
114.4886984_30.48306261_270_0.txt 3 0.700091 165 0 222 188 216.28125
114.4886984_30.48306261_90_0.txt 3 0.225768 183 65 208 165 36.65625
114.48878_30.48300094_0_0.txt
114.48878_30.48300094_180_0.txt 4 0.188304 171 125 184 169 123.28125
114.48878_30.48300094_270_0.txt
114.48878_30.48300094_90_0.txt 3 0.404044 240 89 270 177 92.8125
114.488842_30.48273153_0_0.txt 4 0.320972 66 97 90 167 284.625
114.488842_30.48273153_0_0.txt 4 0.263995 328 119 340 161 17.625
114.488842_30.48273153_180_0.txt
114.488842_30.48273153_270_0.txt 3 0.344551 215 69 241 172 222.75
114.488842_30.48273153_270_0.txt 4 0.227946 0 5 33 122 183.09375
114.488842_30.48273153_90_0.txt 3 0.593460 240 72 264 161 92.25
114.4888507_30.48283558_0_0.txt 4 0.183777 351 77 374 156 22.96875
114.4888507_30.48283558_0_0.txt 3 0.183325 242 102 263 158 2.34375
114.4888507_30.48283558_180_0.txt
114.4888507_30.48283558_270_0.txt
114.4888507_30.48283558_90_0.txt 1 0.570284 15 64 52 169 6.28125
114.4888507_30.48283558_90_0.txt 3 0.335228 20 64 49 165 6.46875
114.4888595_30.48293963_0_0.txt 1 0.379469 460 29 479 188 43.03125
114.4888595_30.48293963_0_0.txt 1 0.259842 276 50 312 166 10.125
114.4888595_30.48293963_180_0.txt
114.4888595_30.48293963_270_0.txt
114.4888595_30.48293963_90_0.txt 3 0.250372 135 91 153 177 27.0
